72.66438
21.5054
-7.24942
-70.44218
-54.77731
-21.21075
67.44018
18.80815
-26.02914
-23.41284
78.64108
-41.19788
20.64788
4.73313
-28.86188
75.84019
-66.91216
-8.59917
15.49775
58.91916
14.34019
-111.05563
-71.52765
30.56073
-29.3383
90.79118
-21.1675
45.19127
-53.24959
17.832
30.77493
32.42383
1.69984
5.18161
3.28867
-10.67887
1.71252
0.03007
30.56073
-83.12608
-4.25731
27.33093
39.57096
-52.43629
36.35614
17.60515
8.0325
1.73672
35.84182
37.54337
61.01162
66.48442
52.13685
53.12989
-46.28934
62.33365
-37.06198
-9.12692
-41.55981
23.13634
22.2307
-19.85011
-117.07243
-29.65542
44.73002
-9.70492
17.49403
41.46896
-71.20484
73.96118
-53.65669
23.46399
54.60091
-50.88756
-72.86394
62.85702
141.14555
148.08435
58.45748
29.50547
101.02195
-44.9129
-17.85118
-10.47347
62.70415
-80.2752
69.44858
28.5325
99.40391
76.96958
-63.4451
86.65448
38.43515
-17.54525
10.65859
-6.15981
40.86874
20.94466
48.29516
22.81832
-78.60457
91.74971
75.83871
-40.16588
-88.15981
89.0032
-17.79512
-107.65779
38.41352
27.81311
28.5325
79.66193
104.04521
-77.83398
19.54679
-11.10891
-65.37984
33.52883
62.2627
-115.28302
-30.33381
66.45009
17.2562
20.64788
-59.91277
77.49876
-18.43861
-2.59657
-7.11781
23.80173
-20.35212
-50.56213
-84.83213
12.44231
70.95277
-22.69522
81.89423
13.1046
-31.86153
-58.58256
-40.16588
